100 010 1 00000000001 00101010000000000110 1010000000000000101111010001111000

111 011 1 00000000011 010 100 00001 10010000010 001 100 00011 00000

00111000000000000110111101000101001010010001001000000000

11101110000000001101010000001100100000100011000001100000

01100010000000001000000000000000000101100001000101010110001011001000100000000010000100011000111000110100

011 000 1 00000000010 // v3 19
    000 000 0 000000000010110 // v0 22
        000 100 01010 // 11 // v0
        101 100 01011 // 11 // v5
    001 000 1 00000000010 // v1
        000 100 01100 // v0
        011 100 01101 // v3
    00